model_checkpoint_path: "ckpt-1950"
all_model_checkpoint_paths: "ckpt-1950"
all_model_checkpoint_timestamps: 1574815428.268994
all_model_checkpoint_timestamps: 1574815517.6070678
all_model_checkpoint_timestamps: 1574815607.9648604
all_model_checkpoint_timestamps: 1574815699.8699508
all_model_checkpoint_timestamps: 1574815793.8456647
last_preserved_timestamp: 1574812309.257872
